>python -m proj2
Test with
x1 = (1, 0, 1)
x2 = (1, 1, 0)
x = (1, 2, 3)
Projection = [2.33333333 0.66666667 1.66666667]